.------------------.----------.-----------------.
| 7   59     89    | 19  3  6 | 158   4     2   |
| 4   369    368   | 19  5  2 | 7     1368  16  |
| 1   2356   26    | 8   7  4 | 356   356   9   |
:------------------+----------+-----------------:
| 59  8      37    | 2   6  1 | 4     39    57  |
| 26  12367  12367 | 5   4  9 | 368   138   167 |
| 59  16     4     | 3   8  7 | 169   2     156 |
:------------------+----------+-----------------:
| 3   4      269   | 7   1  5 | 269   69    8   |
| 8   179    5     | 6   2  3 | 19    179   4   |
| 26  1267   127   | 4   9  8 | 1256  1567  3   |
'------------------'----------'-----------------'
